	m 120.013,49.982869 -3.59286,8.383351 -3.4176,-7.945197 -1.60657,0 4.99496,11.596482 3.62207,-8.32493 3.62208,8.32493 4.99496,-11.596482 -1.57736,0 -3.4176,7.886776 z m 13.20305,0 -5.28706,
     11.684112 1.60656,0 1.28526,-2.891818 4.79048,0 1.31446,2.891818 1.60657,0 z m 0,3.505234 1.81104,4.001808 -3.62208,0 z m 751.78498,22.082972 -3.06708,11.713322 1.48973,0 1.86946,-7.214939 3.21313,7.653093 3.21313,-7.623883 1.86946,7.185729 1.48972,0 -3.06708,-11.713322 -3.50523,
    8.38335 z m 11.56727,0.467364 0,11.245958 6.251,0 0,-1.518934 -4.73206,0 0,-3.884968 4.73206,0 0,-1.518934 -4.73206,0 0,-2.804187 4.73206,0 0,-1.518935 z m -492.48532,8.558612 0,
    11.684112 1.51893,0 0,-8.003616 8.35414,8.529401 0,-11.771743 -1.54814,0 0,8.091248 z m 12.18069,0.438154 0,11.245958 2.74576,0 c 2.08017,0 3.64163,-0.556558 4.73207,-1.694196 1.09043,
     -1.137638 1.63577,-2.464302 1.63577,-3.943388 0,-1.466498 -0.52311,-2.770246 -1.57735,-3.914177 -1.05425,-1.143932 -2.65929,-1.694197 -4.8197,-1.694197 z m -145.67167,1.109991 -3.06708,11.713323 1.48972,0 1.89867,
     -7.21494 3.21313,7.653094 3.18392,-7.623883 1.86946,7.185729 1.51893,0 -3.09629,-11.713323 -3.50523,8.383351 z m 147.1906,0.379734 0.78868,0 c 1.14865,0 2.06444,0.108205 2.74576,0.350523 0.67976,
     0.240745 1.26326,0.731098 1.75262,1.431304 0.48779,0.700205 0.73026,1.469826 0.73026,2.336822 0,0.689192 -0.16053,1.324342 -0.46737,1.898669 -0.30683,0.574326 -0.70758,1.052777 -1.22683,1.402093 -0.51925,
     0.349316 -1.0583,0.569559 -1.63577,0.671836 -0.57905,0.102278 -1.45579,0.146052 -2.59972,0.146052 l -0.0876,0 0,-8.237299 z m -136.17833,0.08763 0,1.518934 2.68735,0 0,9.727024 1.51893,0 0,-9.727024 2.68735,0 0,
     -1.518934 z M 91.5914,121.25595 c -1.718258,0 -3.186573,0.59138 -4.410753,1.75262 -1.22418,1.15966 -1.840247,2.55165 -1.840247,4.17707 0,1.68521 0.605739,3.10907 1.811037,4.29391 1.206872,1.18327 2.663284,
     1.78183 4.381542,1.78183 1.743434,0 3.213322,-0.60643 4.410752,-1.78183 1.197431,-1.1754 1.811038,-2.59139 1.811038,-4.29391 0,-1.60812 -0.597872,-3.00796 -1.811038,-4.17707 -1.213165,-1.16911 -2.674984,
     -1.75262 -4.352331,-1.75262 z m 8.41256,0.35053 0,11.27516 1.54815,0 0,-4.64443 0.32131,0 3.1255,4.64443 1.78183,0 -3.27156,-4.8489 c 1.04481,-0.23445 1.81511,-0.62015 2.30762,-1.19762 0.49408,
     -0.57748 0.73025,-1.26181 0.73025,-2.01551 0,-0.94096 -0.37605,-1.7034 -1.1392,-2.30761 -0.76472,-0.60265 -1.76471,-0.90552 -2.97945,-0.90552 z m -8.529401,1.22683 c 1.306001,0 2.407015,0.40478 3.300761,
     1.25604 0.895319,0.85126 1.343673,1.91165 1.343673,3.15471 0,1.19429 -0.433305,2.22929 -1.314462,3.09629 -0.878011,0.86857 -1.943119,1.28525 -3.154711,1.28525 -1.318589,0 -2.422065,-0.40478 -3.329972,
     -1.25604 -0.907907,-0.85126 -1.372883,-1.89502 -1.372883,-3.1255 0,-1.21317 0.457795,-2.26008 1.343673,-3.1255 0.884305,-0.86542 1.942432,-1.28525 3.183921,-1.28525 z m 10.077551,0.14605 c 0.85597,0 1.4873,
     0.0391 1.92787,0.14605 0.44216,0.10857 0.78565,0.34051 1.05157,0.64263 0.26592,0.30368 0.40895, 0.69164 0.40895,1.16841 0,1.36108 -1.11941,2.00429 -3.38839,1.95709 z m 392.87827,2.89182 -3.06708,
     11.71332 1.48972,0 1.86946,-7.21494 3.21313,7.65309 3.21313,-7.62388 1.86946,7.18573 1.48972,0 -3.06708,-11.71332 -3.50523,8.38335 z m 11.59648,0.0292 0,11.68411 1.54814,0 0,-8.00362 8.32493,8.5294 0,-11.77174 -1.54814,0 0,8.09125 z m -324.26332,17.73062 0,11.27517 1.51893,0 0,-11.27517 z m 4.03101,
     0 -0.0292,11.27517 2.77498,0 c 2.07858,0 3.64163,-0.58577 4.73206,-1.72341 1.09044,-1.13764 1.63578,
     -2.43509 1.63578,-3.91418 0,-1.46649 -0.52468,-2.77024 -1.57736,-3.91418 -1.05267,-1.14393 -2.65771,-1.7234 -4.81969,-1.7234 l -2.71656,0 z m 1.51894,1.51893 0.78868,0 c 1.15022,0 2.06444,
     0.10821 2.74576,0.35053 0.67976,0.24074 1.26326,0.70188 1.75262,1.40209 0.48936,0.7002 0.73026,1.49903 0.73026,
     2.36603 0,0.6892 -0.16211,1.32434 -0.46737,1.89867 -0.30683,0.57433 -0.70758,1.02357 -1.22683,1.37288 -0.51925,
     0.34932 -1.0583,0.56956 -1.63578,0.67184 -0.57904,0.10228 -1.45578,0.17526 -2.59971,0.17526 l -0.0876,0 0,
     -8.2373 z m 622.20818,2.59972 0,11.71332 1.54814,0 0,-8.00362 8.32493,8.50019 0,-11.77174 -1.51893,
     0 0,8.12046 z m 11.50885,0.43815 3.65128,6.13416 0,5.14101 1.54815,0 0,-5.17022 3.68049,-6.10495 -1.69419,
     0 -2.74577,4.55681 -2.74576,-4.55681 z m -411.77732,3.15471 c -0.92522,
     0 -1.71775,0.27907 -2.36603,0.8471 -0.64829,0.56803 -0.96394,1.26673 -0.96394,2.07393 0,
     0.33673 0.0604,0.64049 0.17526,0.93473 0.11487,0.29424 0.30638,0.60812 0.55499,0.90552 0.24861,0.29739 0.53643,
     0.5439 0.87631,0.75946 0.33988,0.21557 0.83112,0.43828 1.46052,0.70105 0.6294,0.2612 1.08179,
     0.50279 1.37288,0.70105 0.29109,0.19983 0.53514,0.45263 0.73026,0.75947 0.19668,0.3084 0.2921,
     0.62947 0.2921,0.93472 0,0.51139 -0.18365,0.92089 -0.555,1.25605 -0.37292,0.33515 -0.84193,0.49657 -1.40209,
     0.49657 -1.15809,0 -2.01034,-0.62729 -2.5705,-1.89867 l -1.54815,0.43816 c 0.38865,1.03064 0.94275,
     1.7915 1.66499,2.30761 0.72223,0.51453 1.56799,0.78868 2.51208,0.78868 0.96613,0 1.77234,
     -0.33386 2.45366,-0.99315 0.68133,-0.65929 1.02236,-1.45901 1.02236,-2.39525 0,-0.40124 -0.0478,
     -0.77887 -0.17526,-1.1392 -0.12588,-0.35875 -0.32457,-0.69822 -0.5842,-1.02236 -0.25805,-0.32256 -0.59034,
     -0.63802 -0.99315,-0.90551 -0.40439,-0.2675 -0.97196,-0.53713 -1.6942,-0.8471 -0.72224,-0.30998 -1.21997,
     -0.61354 -1.51893,-0.87631 -0.30054,-0.26277 -0.46737,-0.56407 -0.46737,-0.90552 0,-0.39337 0.18119,
     -0.71375 0.52579,-0.96394 0.34459,-0.25019 0.7898,-0.37973 1.34367,-0.37973 0.50509,0 0.90092,
     0.0945 1.16841,0.26289 0.26749,0.16993 0.54745,0.41645 0.87631,0.75947 l 1.25604,-0.99315 c -0.41855,
     -0.54129 -0.94638,-0.93327 -1.57735,-1.19762 -0.63097,-0.26593 -1.2558,-0.40895 -1.86946,
     -0.40895 z m 5.63758,0.35053 0,11.27516 2.74577,0 c 2.07858,0 3.67084,-0.58576 4.76127,-1.7234 1.09044,
     -1.13764 1.63578,-2.43509 1.63578,-3.91418 0,-1.4665 -0.55389,-2.77025 -1.60657,-3.91418 -1.05267,
     -1.14393 -2.65771,-1.7234 -4.81969,-1.7234 z m 1.54815,1.51893 0.75946,0 c 1.15023,0 2.06445,0.1082 2.74577,
     0.35052 0.67975,0.24075 1.26326,0.70189 1.75262,1.4021 0.48936,0.7002 0.73025,1.49903 0.73025,2.36603 0,
     0.68919 -0.1329,1.32434 -0.43815,1.89867 -0.30683,0.57432 -0.73679,1.02356 -1.25604,1.37288 -0.51925,
     0.34932 -1.0583,0.56956 -1.63578,0.67184 -0.57904,0.10228 -1.42657,0.17526 -2.5705,0.17526 l -0.0876,0 0,
     -8.2373 z m 163.43152,0.23368 -3.59287,8.38335 -3.4176,-7.94519 -1.60657,0 4.99496,11.59648 3.62208,
     -8.35414 3.62207,8.35414 4.99496,-11.59648 -1.60657,0 -3.38839,7.88677 z m 10.22359,0.40895 0,11.27516 1.51894,
     0 0,-11.27516 z m -296.60118,22.78401 -3.59287,8.41257 -3.4176,-7.9452 -1.60657,0 4.99496,11.59648 3.62208,
     -8.35414 3.62207,8.35414 4.99496,-11.59648 -1.60657,0 -3.38839,7.85756 z m 9.58097,0.43816 3.68049,6.10495 0,
     5.14101 1.51894,0 0,-5.14101 3.7097,-6.10495 -1.69419,0 -2.74577,4.5568 -2.77497,-4.5568 z m 357.7383,1.89867 -3.06708,
     11.71332 1.48973,0 1.89867,-7.21494 3.21313,7.65309 3.18392,-7.62388 1.86945,7.18573 1.51894,0 -3.09629,-11.71332 -3.47602,8.38335 z m 11.68411,0.46736 0,11.24596 1.51894,0 0,-11.24596 z m 117.86349,23.5727 -5.28707,11.68411 1.60657,0 1.28525,-2.89182 4.79049,0 1.31446,2.89182 1.60657,
     0 z m -11.45043,0.40894 0,11.27517 1.51893,0 0,-4.64443 c 1.68364,0.0189 2.94204,-0.30937 3.76813,-0.96394 0.82451,-0.65458 1.22683,-1.45833 1.22683,-2.42446 0,-0.9614 -0.38638,
     -1.73574 -1.16841,-2.33682 -0.78361,-0.60108 -1.81861,-0.90552 -3.09629,-0.90552 z m 1.51893,1.34367 c 1.42086,0 2.35328,0.20028 2.77498,0.58421 0.41697,0.38393 0.61341,0.8197 0.61341,
     1.34367 0,0.69549 -0.26244,1.20266 -0.81789,1.51894 -0.55701,0.31627 -1.42028,0.48556 -2.5705,0.49657 z m 9.90229,1.75262 1.84024,4.00181 -3.62207,0 z m -263.62278,0.40895 -5.28707,
     11.68411 1.60657,0 1.28525,-2.86261 4.79049,0 1.31446,2.86261 1.60657,0 z m -8.20809,0.43815 0,11.24596 1.51893,0 0,-11.24596 z m 8.20809,3.09629 1.81103,4.00181 -3.62207,0 z m -105.04017,
     11.01227 0,11.71333 1.51893,0 0,-8.00362 8.35414,8.50019 0,-11.77174 -1.54814,0 0,8.12046 z m 12.03463,0.43816 0,11.27517 6.22179,0 0,-1.51894 -4.70285,0 0,-3.88496 4.70285,0 0,
     -1.51894 -4.70285,0 0,-2.80419 4.70285,0 0,-1.54814 z m -313.16341,5.25785 0,11.71332 1.51893,0 0,-8.00361 8.35414,8.5294 0,-11.77175 -1.54814,0 0,8.09125 z m 11.21675,0.46736 5.141,
     11.6257 5.19943,-11.6257 -1.63577,0 -3.56366,8.00362 -3.53444,-8.00362 z m 566.76706,2.62893 c -1.71825,0 -3.18971,0.59137 -4.41075,1.75262 -1.22418,1.15966 -1.84025,2.55165 -1.84025,
     4.17707 0,1.68521 0.60575,3.11063 1.81104,4.29391 1.20688,1.18327 2.66329,1.78182 4.38154,1.78182 1.74501,0 3.21175,-0.57721 4.41076,-1.75261 1.199,-1.17541 1.78182,-2.6206 1.78182,
     -4.32312 0,-1.60812 -0.59787,-3.00796 -1.81103,-4.17707 -1.21474,-1.16912 -2.64578,-1.75262 -4.32313,-1.75262 z m 8.20809,0.37973 0,11.24596 1.54815,0 0,-5.4039 5.37469,0 0,5.4039 1.51893,
     0 0,-11.24596 -1.51893,0 0,4.32312 -5.37469,0 0,-4.32312 z m -8.35414,1.19762 c 1.30443,0 2.40701,0.434 3.30076,1.28526 0.8969,0.85125 1.34368,1.88244 1.34368,3.1255 0,1.19428 -0.43017,
     2.22929 -1.31447,3.09629 -0.87801,0.86857 -1.9139,1.31446 -3.1255,1.31446 -1.31859,0 -2.4497,-0.434 -3.35918,-1.28525 -0.90948,-0.85126 -1.34367,-1.89503 -1.34367,-3.1255 0,-1.21317 0.42858,
     -2.23087 1.31446,-3.09629 0.88273,-0.86542 1.94243,-1.31447 3.18392,-1.31447 z m -53.63007,10.48649 0,11.68412 1.51893,0 0,-7.97441 8.35414,8.50019 0,-11.77174 -1.54814,0 0,8.12046 z m -3.91418,
     0.43816 0,11.24596 1.51894,0 0,-11.24596 z m -47.61276,6.30942 0,11.27517 1.54815,0 0,-11.27517 z m 4.23549,0 0,11.27517 5.19943,0 0,-1.54815 -3.68049,0 0,-9.72702 z m -378.27313,3.91418 0,
     1.54814 2.68735,0 0,9.72703 1.51893,0 0,-9.72703 2.68735,0 0,-1.54814 z m -10.31122,0.0292 0,6.65994 c 0,1.63172 0.42277,2.87418 1.22683,3.70971 0.80563,0.83553 1.87565,1.25604 3.21313,
     1.25604 1.30915,0 2.33875,-0.43152 3.1255,-1.25604 0.78675,-0.82451 1.19762,-1.92238 1.19762,-3.30076 l 0,-7.06889 -1.54815,0 0,7.18573 c 0,0.93623 -0.26223,1.64703 -0.75946,2.16156 -0.4988,
     0.51453 -1.17861,0.78868 -2.07393,0.78868 -0.90319,0 -1.61063,-0.28851 -2.10314,-0.8471 -0.49251,-0.56016 -0.73026,-1.34169 -0.73026,-2.36603 l 0,-6.92284 z m 525.90188,14.98487 -3.62207,
     8.38336 -3.41761,-7.9452 -1.57735,0 4.99496,11.59648 3.62207,-8.32493 3.62208,8.32493 4.99495,-11.59648 -1.60656,0 -3.38839,7.88677 z m 9.28887,0.43816 5.14101,11.62569 5.22864,-11.62569 -1.63578,
     0 -3.59286,8.00362 -3.50523,-8.00362 z m -427.17114,0.70105 c -1.71353,0 -3.16522,0.58665 -4.38154,1.75261 -1.21632,1.16596 -1.84025,2.56984 -1.84025,4.20628 0,1.66791 0.63269,3.11379 1.86946,
     4.29391 1.23677,1.1817 2.72574,1.75262 4.46917,1.75262 1.18957,0 2.28271,-0.2766 3.30076,-0.81789 l 0,-1.75261 c -1.11875,0.63255 -2.15397,0.96394 -3.15471,0.96394 -1.37838,0 -2.53104,
     -0.4158 -3.44681,-1.25605 -0.91577,-0.84024 -1.37288,-1.89906 -1.37288,-3.15471 0,-1.23047 0.44835,-2.28053 1.34367,-3.1255 0.89532,-0.84653 1.99319,-1.25604 3.30076,-1.25604 1.01805,0 2.11681,
     0.27838 3.32997,0.87631 l 0,-1.72341 c -1.17697,-0.49093 -2.31615,-0.75946 -3.4176,-0.75946 z m 10.39886,0.0292 c -1.44944,0.12671 -2.69696,0.70732 -3.76812,1.72341 -1.22418,1.15966 -1.84025,
     2.55165 -1.84025,4.17707 0,1.68521 0.60416,3.10906 1.81104,4.29391 1.20687,1.18327 2.66328,1.78182 4.38154,1.78182 1.74343,0 3.21331,-0.57721 4.41075,-1.75261 1.19743,-1.17541 1.81104,
     -2.6206 1.81104,-4.32312 0,-1.60812 -0.62708,-2.97875 -1.84025,-4.14786 -1.21317,-1.16912 -2.64578,-1.75262 -4.32312,-1.75262 -0.21478,0 -0.43557,-0.0181 -0.64263,0 z m 0.52579,1.54814 c 1.306,
     0 2.40701,0.434 3.30076,1.28526 0.89532,0.85125 1.34367,1.91165 1.34367,3.15471 0,1.19428 -0.4333,2.20008 -1.31446,3.06708 -0.87801,0.86856 -1.94312,1.31446 -3.15471,1.31446 -1.3186,0 -2.42206,
     -0.434 -3.32997,-1.28525 -0.90792,-0.85126 -1.37289,-1.89503 -1.37289,-3.1255 0,-1.21317 0.4578,-2.23087 1.34368,-3.09629 0.8843,-0.86542 1.94243,-1.31447 3.18392,-1.31447 z m 465.20292,3.65129 -5.25785,11.71332 1.57736,0 1.31446,-2.89182 4.76127,0 1.31447,2.89182 1.60656,0 z m -14.80961,0.46736 5.14101,11.6257 5.19943,-11.6257 -1.63578,0 -3.56365,7.97441 -3.53445,-7.97441 z m 14.80961,3.06708 1.81104,4.00181 -3.62208,0 z m -714.8924,1.4021 -5.25785,11.68411 1.606565,0 1.285253,-2.89182 4.761275,0 1.314463,2.89182 1.606566,0 z m -9.43492,0.0876 c -1.713538,0 -3.19444,0.55744 -4.410752,1.72341 -1.216313,1.16596 -1.811038,2.56984 -1.811038,4.20628 0,1.6679 0.60348,3.11379 1.840248,4.29391 1.236768,1.18169 2.725739,1.75262 4.469173,1.75262 1.189563,0 2.31192,-0.2474 3.329972,-0.78868 l 0,-1.78183 c -1.118756,0.63255 -2.183178,0.96394 -3.183921,0.96394 -1.378382,0 -2.531038,-0.4158 -3.446813,-1.25604 -0.915774,-0.84025 -1.372883,-1.89906 -1.372883,-3.15471 0,-1.23048 0.448354,-2.28054 1.343673,-3.1255 0.895319,-0.84654 1.993186,-1.25604 3.300762,-1.25604 1.018051,0 2.146017,0.30759 3.359182,0.90551 l 0,-1.75261 c -1.176975,-0.49093 -2.316156,-0.73026 -3.417603,-0.73026 z m 9.43492,3.44681 1.811038,4.00181 -3.592865,0 z m 370.06504,2.86261 c -0.92521,0 -1.71775,0.27906 -2.36603,0.8471 -0.64828,0.56803 -0.96394,1.26673 -0.96394,2.07393 0,0.33673 0.0604,0.64048 0.17526,0.93473 0.11487,0.29424 0.27718,0.57891 0.52579,0.87631 0.24861,0.29739 0.53643,0.57311 0.8763,0.78867 0.33988,0.21557 0.83112,0.43828 1.46052,0.70105 0.62783,0.2612 1.08179,0.50279 1.37288,0.70105 0.28953,0.19983 0.53514,0.45263 0.73026,0.75946 0.19668,0.30841 0.2921,0.60027 0.2921,0.90552 0,0.51139 -0.18207,0.9501 -0.55499,1.28526 -0.37292,0.33515 -0.84036,0.49657 -1.4021,0.49657 -1.15652,0 -2.01034,-0.62729 -2.5705,-1.89867 l -1.54815,0.43816 c 0.39023,1.03064 0.97196,1.7915 1.6942,2.30761 0.72224,0.51453 1.53878,0.78868 2.48287,0.78868 0.96613,0 1.80155,-0.33386 2.48288,-0.99315 0.68132,-0.6593 1.02236,-1.45901 1.02236,-2.39525 0,-0.40124 -0.0786,-0.77887 -0.20447,-1.1392 -0.12588,-0.35876 -0.32458,-0.69822 -0.58421,-1.02236 -0.25963,-0.32256 -0.59034,-0.63802 -0.99315,-0.90552 -0.40281,-0.26749 -0.94118,-0.53712 -1.66499,-0.84709 -0.7238,-0.30998 -1.24761,-0.61354 -1.54814,-0.87631 -0.30053,-0.26277 -0.43815,-0.56407 -0.43815,-0.90552 0,-0.39337 0.15197,-0.71375 0.49657,-0.96394 0.34302,-0.25019 0.7898,-0.37973 1.34367,-0.37973 0.50509,0 0.90092,0.0945 1.16841,0.26289 0.2675,0.16993 0.57667,0.41645 0.90552,0.75947 l 1.22683,-0.99301 c -0.41855,-0.54129 -0.92031,-0.96248 -1.54814,-1.22684 -0.63097,-0.26592 -1.2558,-0.37973 -1.86946,-0.37973 z m -13.43673,0.35052 0,11.27517 1.54815,0 0,-5.49153 4.96575,5.49153 1.98629,0 -5.49153,-6.04653 5.43311,-5.22864 -2.13235,0 -4.76127,4.58602 0,-4.58602 z m 100.19126,3.82655 -3.06708,11.74253 1.48973,0 1.89867,-7.21494 3.21313,7.6531 3.18392,-7.62389 1.86946,7.18573 1.48972,0 -3.06708,-11.74253 -3.50523,8.38335 z m 17.46775,0.11684 c -1.7214,0 -3.18657,0.59138 -4.41075,1.75262 -1.22261,1.15966 -1.84025,2.55165 -1.84025,4.17707 0,1.68521 0.60416,3.11064 1.81104,4.29391 1.20687,1.18327 2.6925,1.78183 4.41075,1.78183 1.74344,0 3.21175,-0.57722 4.41075,-1.75262 1.19901,-1.1754 1.78183,-2.6206 1.78183,-4.32312 0,-1.60812 -0.59787,-3.00796 -1.81104,-4.17707 -1.21631,-1.16911 -2.67813,-1.75262 -4.35233,-1.75262 z m -0.11684,1.57736 c 1.30442,0 2.40387,0.43399 3.30076,1.28525 0.89689,0.85126 1.34368,1.88244 1.34368,3.1255 0,1.19428 -0.43174,2.22929 -1.31447,3.09629 -0.87958,0.86857 -1.94154,1.31446 -3.15471,1.31446 -1.31859,0 -2.42206,-0.43399 -3.32997,-1.28525 -0.90791,-0.85126 -1.37288,-1.89502 -1.37288,-3.1255 0,-1.21317 0.45779,-2.23087 1.34367,-3.09629 0.8843,-0.86542 1.94243,-1.31446 3.18392,-1.31446 z m 119.26558,3.91417 0,11.24596 1.51893,0 0,-5.49153 4.99496,5.49153 1.95709,0 -5.46233,-6.04653 5.43312,-5.19943 -2.16156,0 -4.76128,4.55681 0,-4.55681 z m 9.28886,0 3.6805,6.10495 0,5.14101 1.54814,0 0,-5.14101 3.6805,-6.10495 -1.6942,0 -2.74576,4.5276 -2.74577,-4.5276 z m 94.05711,27.07793 0,11.71333 1.54814,0 0,-8.00362 8.32493,8.50019 0,-11.77174 -1.54814,0 0,8.12046 z m 17.84748,0.0876 c -1.71511,0 -3.16681,0.5898 -4.38154,1.75262 -1.21474,1.16753 -1.84025,2.57142 -1.84025,4.20628 0,1.66948 0.63269,3.08457 1.86946,4.2647 1.23519,1.18327 2.72888,1.78182 4.46917,1.78182 1.18799,0 2.28428,-0.27503 3.30076,-0.81788 l 0,-1.75262 c -1.11876,0.63255 -2.18318,0.93473 -3.18392,0.93473 -1.37681,0 -2.53104,-0.41737 -3.44681,-1.25604 -0.91578,-0.83868 -1.37289,-1.89749 -1.37289,-3.15471 0,-1.23205 0.45151,-2.25133 1.34368,-3.09629 0.89689,-0.84654 2.0224,-1.28526 3.32997,-1.28526 1.01805,0 2.11681,0.30602 3.32997,0.90552 l 0,-1.75261 c -1.17697,-0.49251 -2.31458,-0.73026 -3.4176,-0.73026 z m -137.63884,15.24777 0,11.71332 1.54814,0 0,-8.00362 8.32493,8.5294 0,-11.77174 -1.54814,0 0,8.09125 -8.32493,-8.55843 z m -8.50019,0.43815 0,1.54814 2.65813,0 0,9.72703 1.54815,0 0,-9.72703 2.68734,0 0,-1.54814 z m -186.82896,15.39382 c -1.71825,0 -3.18657,0.59137 -4.41075,1.75261 -1.22418,1.15967 -1.84025,2.55323 -1.84025,4.17707 0,1.68522 0.60574,3.1075 1.81104,4.29392 1.20688,1.18327 2.66329,1.78182 4.38154,1.78182 1.74344,0 3.21332,-0.57721 4.41075,-1.75261 1.19744,-1.17541 1.81104,-2.6206 1.81104,-4.32313 0,-1.60496 -0.59787,-3.00638 -1.81104,-4.17707 -1.21316,-1.16753 -2.67498,-1.75261 -4.35233,-1.75261 z m 8.17888,0.35052 0,11.27517 1.51894,0 0,-5.49153 4.99495,5.49153 1.95709,0 -5.46232,-6.04653 5.43311,-5.22864 -2.16156,0 -4.76127,4.58601 0,-4.58601 z m -269.78615,1.1392 -5.25785,11.68411 1.57736,0 1.31446,-2.8626 4.76128,0 1.31446,2.8626 1.60656,0 z m 261.49043,0.0876 c 1.30601,0 2.40701,0.43399 3.30076,1.28525 0.89532,0.84969 1.34368,1.88244 1.34368,3.1255 0,1.19428 -0.43331,2.23087 -1.31447,3.09629 -0.87801,0.87014 -1.94311,1.31446 -3.15471,1.31446 -1.31859,0 -2.42049,-0.43399 -3.32997,-1.28525 -0.90791,-0.84812 -1.37288,-1.89502 -1.37288,-3.1255 0,-1.21002 0.45779,-2.26165 1.34367,-3.1255 0.8843,-0.867 1.94243,-1.28525 3.18392,-1.28525 z m -255.09338,0.35075 0,1.54815 5.08259,0 -5.34548,9.72702 7.76994,0 0,-1.54814 -5.28706,0 5.4039,-9.72703 z m -6.39705,3.09629 1.81104,4.00181 -3.62207,0 z m 560.39923,7.36099 c -0.92679,0 -1.71775,0.2775 -2.36603,0.8471 -0.64828,0.56961 -0.96394,1.26673 -0.96394,2.07393 0,0.33673 0.062,0.63892 0.17526,0.93473 0.11959,0.29267 0.27403,0.6097 0.52579,0.90552 0.25176,0.29581 0.56564,0.54232 0.90551,0.75947 0.34145,0.21556 0.80348,
     0.43984 1.43131,0.70104 0.62783,0.2612 1.111,0.50121 1.40209,0.70105 0.29109,0.19984 0.53514,0.45263 0.73026,0.75947 0.19668,0.3084 0.2921,0.63104 0.2921,0.93473 0,0.51139 -0.18365,0.92088 -0.55499,1.25604 -0.37607,0.33515 -0.8435,0.49657 -1.4021,0.49657 -1.16124,0 -2.03955,-0.62728 -2.59971,-1.89867 l -1.51894,0.43816 c 0.38865,1.03064 0.94275,1.79308 1.66499,2.30761 0.72224,0.51453 1.56641,0.78868 2.51208,0.78868 0.96456,0 1.77234,-0.33543 2.45367,-0.99315 0.67975,-0.65929 1.02236,-1.45744 1.02236,-2.39524 0,-0.40125 -0.077,-0.77888 -0.20448,-1.13921 -0.12588,-0.35875 -0.29536,-0.69664 -0.55499,-1.02236 -0.25805,-0.32256 -0.59034,-0.63487 -0.99315,-0.90551 -0.40439,-0.2675 -0.97196,-0.53713 -1.6942,-0.8471 -0.7238,-0.30998 -1.25075,-0.61354 -1.54814,-0.87631 -0.29897,-0.26277 -0.43816,-0.56407 -0.43816,-0.90552 0,-0.39337 0.18119,-0.71218 0.52579,-0.96394 0.34145,-0.24861 0.7898,-0.37973 1.34367,-0.37973 0.50352,0 0.87171,0.0977 1.1392,0.26289 0.26749,0.16836 0.57667,0.41645 0.90552,0.75947 l 1.25604,-0.99315 c -0.41697,-0.54128 -0.94952,-0.93799 -1.57735,-1.19762 -0.63412,-0.26749 -1.2558,-0.40895 -1.86946,-0.40895 z m 11.27517,0 c -1.71354,0 -3.16681,0.58981 -4.38154,1.75262 -1.21317,1.16753 -1.81104,2.57142 -1.81104,4.20628 0,1.66948 0.60348,3.08458 1.84025,4.2647 1.23676,1.18327 2.72731,1.78183 4.46917,1.78183 1.18641,0 2.28428,-0.27504 3.30076,-0.81789 l 0,-1.75262 c -1.11876,0.63255 -2.15554,0.93473 -3.15471,0.93473 -1.37838,0 -2.53418,-0.41736 -3.44681,-1.25604 -0.91577,-0.83868 -1.37289,-1.89749 -1.37289,-3.15471 0,-1.23205 0.44836,-2.25132 1.34368,-3.09629 0.89689,-0.84654 1.99634,-1.28525 3.30076,-1.28525 1.0212,0 2.14602,0.30602 3.35918,0.90552 l 0,-1.75262 c -1.17697,-0.49251 -2.34221,-0.73026 -3.44681,-0.73026 z m -227.05151,1.31447 -5.28706,11.68411 1.60656,0 1.28526,-2.89182 4.79048,0 1.31447,2.89182 1.60656,0 z m 6.95205,0.40894 0,11.27517 1.54814,0 0,-4.64444 0.32131,0 3.15471,4.64444 1.75262,0 -3.27155,-4.8197 c 1.04795,-0.23603 1.8151,-0.64935 2.30761,-1.22683 0.49408,-0.57748 0.73026,-1.2326 0.73026,-1.9863 0,-0.94409 -0.37763,-1.7326 -1.1392,-2.33682 -0.76472,-0.60422 -1.73707,-0.90552 -2.95024,-0.90552 z m 1.54814,1.37288 c 0.85756,0 1.48887,0.0682 1.92788,0.17526 0.44215,0.11015 0.81329,0.31289 1.08078,0.61342 0.26435,0.30368 0.37973,0.69164 0.37973,1.16841 0,1.36108 -1.11941,2.00272 -3.38839,1.95709 z m -246.21345,1.31447 -3.06708,11.74253 1.48972,0 1.86946,-7.21494 3.21313,7.62388 3.21313,-7.59467 1.86946,7.18573 1.48973,0 -3.06708,-11.74253 -3.50524,8.38335 z m -14.42988,0.0292 0,11.71332 1.54814,0 0,-8.00362 8.32493,8.5002 0,-11.77175 -1.51893,0 0,8.12046 z m 252.14314,0.37973 1.81104,4.00181 -3.62208,0 z m 108.95435,26.78583 -5.28707,11.68411 1.60657,0 1.31446,-2.89182 4.76128,0 1.31446,2.89182 1.60657,0 z m 74.13569,0 -5.25785,11.68411 1.57735,0 1.31446,-2.89182 4.76128,0 1.31446,2.89182 1.60657,0 z m -12.56042,0.0584 c -1.68365,0 -3.13828,0.58823 -4.32313,1.75262 -1.18327,1.16281 -1.75261,2.58017 -1.75261,4.23549 0,1.57192 0.56688,2.95761 1.7234,4.17707 1.15495,1.2226 2.70117,1.84025 4.64444,1.84025 0.85441,0 1.60317,-0.10643 2.21998,-0.29211 0.61681,-0.19039 1.18369,-0.49572 1.72341,-0.93473 0.53971,-0.439 0.96268,-0.93271 1.28525,-1.48972 0.32256,-0.55544 0.54035,-1.05948 0.64263,-1.51894 0.10542,-0.45945 0.17526,-1.06765 0.17526,-1.84024 l -4.79049,0 0,1.51893 3.03787,0 c -0.57748,1.95743 -1.98854,2.95024 -4.23549,2.95024 -1.4964,0 -2.68319,-0.45307 -3.53444,-1.34367 -0.85284,-0.89217 -1.28526,-1.89462 -1.28526,-3.00866 0,-1.26981 0.43646,-2.33581 1.31447,-3.18392 0.87801,-0.84654 1.98216,-1.25604 3.30076,-1.25604 1.50741,0 2.85473,0.54308 4.00181,1.66498 l 1.1392,-1.10994 c -0.86542,-0.82766 -1.70892,-1.39681 -2.5413,-1.6942 -0.82608,-0.30368 -1.74502,-0.46736 -2.74576,-0.46736 z m -54.62323,0.35052 0,11.27517 5.19943,0 0,-1.51893 -3.68049,0 0,-9.75624 z m -6.95204,3.09629 1.81103,4.00181 -3.62207,0 z m 74.13569,0 1.81103,4.00181 -3.62207,0 z m -132.73152,3.91418 -3.06708,11.74253 1.48973,0 1.89867,-7.21494 3.21313,7.62389 3.18392,-7.59468 1.86946,7.18573 1.48972,0 -3.06708,-11.74253 -3.47602,8.38335 z m 15.13093,0.11684 c -0.92522,0 -1.71775,0.27749 -2.36603,0.8471 -0.64829,0.56961 -0.96394,1.26673 -0.96394,2.07393 0,0.33673 0.0588,0.63892 0.17526,0.93473 0.11644,0.29267 0.30323,0.6097 0.55499,0.90552 0.25176,0.29581 0.53486,0.54232 0.87631,0.75946 0.33988,0.21557 0.83269,0.43985 1.46052,0.70105 0.6294,0.2612 1.08021,0.50121 1.37288,0.70105 0.29109,0.19983 0.53514,0.45263 0.73026,0.75947 0.19668,0.3084 0.2921,0.63104 0.2921,0.93472 0,0.51139 -0.18523,0.92089 -0.555,1.25605 -0.37449,0.33515 -0.8435,0.49657 -1.40209,0.49657 -1.16124,0 -2.01034,-0.62729 -2.5705,-1.89867 l -1.54815,0.43816 c 0.38865,1.03064 0.94275,1.79308 1.66499,2.30761 0.72223,0.51453 1.56799,0.78868 2.51208,0.78868 0.96613,0 1.77077,-0.33543 2.45366,-0.99315 0.67818,-0.65929 1.02236,-1.45744 1.02236,-2.39525 0,-0.40124 -0.0494,-0.77887 -0.17526,-1.1392 -0.12745,-0.35875 -0.32615,-0.69664 -0.5842,-1.02236 -0.25963,-0.32256 -0.59034,-0.63487 -0.99315,-0.90551 -0.40282,-0.2675 -0.97196,-0.53713 -1.6942,-0.8471 -0.72381,-0.30998 -1.22154,-0.61354 -1.51893,-0.87631 -0.30054,-0.26277 -0.46737,-0.56407 -0.46737,-0.90552 0,-0.39337 0.18119,-0.71218 0.52579,-0.96394 0.34301,-0.24861 0.79138,-0.37973 1.34367,-0.37973 0.50667,0 0.89934,0.0977 1.16841,0.26289 0.26749,0.16836 0.54745,0.41645 0.87631,0.75947 l 1.25604,-0.99315 c -0.42012,-0.54129 -0.94952,-0.93799 -1.57735,-1.19762 -0.63255,-0.2675 -1.25265,-0.40895 -1.86946,-0.40895 z m -57.19373,29.44396 -5.25785,11.68412 1.60656,0 1.28526,-2.89182 4.76127,0 1.31446,2.89182 1.60657,0 z m -10.92465,0.40895 0,11.27517 5.17022,0 0,-1.51894 -3.65128,0 0,-9.75623 z m 10.92465,3.09629 1.81104,4.00181 -3.59287,0 z m -129.63522,2.42445 0,1.51894 2.68734,0 0,9.72702 1.51894,0 0,-9.72702 2.68734,0 0,-1.51894 z m 8.17887,0 3.35919,5.52074 -3.47603,5.72522 1.6942,0 2.62892,-4.32312 2.59972,4.32312 1.6942,0 -3.44682,-5.72522 3.35918,-5.52074 -1.7234,0 -2.48288,4.08944 -2.51208,-4.08944 z m -319.56046,44.01989 -5.25785,11.68412 1.57735,0 1.31446,-2.89182 4.76128,0 1.31446,2.89182 1.60657,0 z m 6.71836,0.43816 0,11.24596 1.54815,0 0,-5.49154 4.96574,5.49154 1.9863,0 -5.49153,-6.01732 5.43311,-5.22864 -2.13235,0 -4.76127,4.5568 0,-4.5568 z m -6.71836,3.06708 1.81103,4.00181 -3.62207,0 z m 652.20714,10.28202 0,11.27516 1.54814,0 0,-5.4039 4.70286,0 0,-1.51893 -4.70286,0 0,-2.80419 4.70286,0 0,-1.54814 z m 8.26651,0 0,11.27516 5.19943,0 0,-1.51893 -3.65129,0 0,-9.75623 z